193,199
111,170,272
271
139,171
280
95,189
165
246
21
26,240
28,44
218
147
142
281
56,153
128,320
49,51
8,208
58,115
65,103
92,249
55,294
183,275
33,112
37,244
32,93
80
38,42
23,67
141,303
6,106
137,238
77,83,252,267,133,234
10,227
167,213
59,62
201
151,180
263
74,288,290
53,284,45,209
162
15
277
229
223
3,321
107,178
1,29
99,108
35,146
247
76,224
40
185
79
318
241
304
188,203
121
314
98,237
308
182
85,164
163
36,158
194,50,279
211,269
156,216
20,90
27,322
39,86
257,291
4,278
306
122
206
210,316
228
198
315,323
196
282
192
135
305,102,172
125,126
75
295,312
262,270
148
16,221
254
118
190,289,87,214
52,57
177
215
11,145
114,273
292
13,110
91
18,66
41
205,274
313
25,116
175
71,258
186
276
7,154
250
286
187
195
129,168
43,160
104,136
217
100,204
14,64,61,69
72,235
97,225
220
12,184
293
130,179
96,120
222
30,84
47
124
88,310
230
231
152
0,302
54,117
101,173,236
17,134
207
143
255
140
243
81
9,256,22,248
89,317
251
191
19,159
138,161
259
63,264,233
261
176
265
266
283
166
212
24,131
94,202
157
200,268,2,68
105
127,144
149,197
78,226
123,253
239
113
70
181
150
296
119,297
298
300
301
260
232
73,169
46,109
307
5,48
309
174,311
132,299
242
219,285,31
155
60,82
319
34
245,287
