3,14,20,23,25,26,30,31,32,40,55,58,63,67,70,77,78,79,82,84,85,89,93,97,102,111,114,115,116,129,130,137,140,146,149,152,170,172,191,197,201,207,211,215,217,219,220,225,228,233,234,238,239,240,253,255,257,262,264,265,267,272,273,283,285,291,294,305,306,317,318,319,321
24,160
4,8,11,12,18,27,29,35,38,39,42,43,56,59,62,65,66,71,74,75,80,88,90,92,99,103,105,107,108,117,124,128,131,132,134,139,143,145,148,156,162,164,171,175,176,178,182,183,184,188,192,195,208,212,216,224,226,231,241,245,246,249,251,254,260,263,271,275,277,278,286,287,288,290,293,295,299,300,302,303,304,309,312,314,320,322
10,259,0,2,7,13,17,19,21,28,33,34,36,37,44,45,52,53,57,61,64,68,69,72,73,76,87,95,96,98,100,104,106,110,112,113,119,120,121,122,125,126,127,135,136,144,147,151,153,154,155,157,158,159,167,168,169,177,180,186,189,190,193,194,196,198,199,200,202,203,204,205,206,209,210,213,214,218,221,223,229,230,232,235,237,242,244,250,261,268,270,274,280,282,284,289,292,296,297,308,310,313,315,316,323
60,141,222
1,166
15,54,6,16
46,150
94,181
81,123
165,86,298
243
5,48,161,236,256,276,307,311
109,301,47,91
281
9,22,41,49,51,101,138,163,173,174,179,185,248,258,266
269,187,252,50,279
227
118,247,83,133
142
